220 303
0 -2901589 4325238
1 -2901159 4325243
2 -2900876 4325247
3 -2903999 4325204
4 -2904248 4325201
5 -2900426 4325253
6 -2903575 4325210
7 -2907222 4325160
8 -2907539 4325155
9 -2908068 4325148
10 -2907009 4325162
11 -2910076 4325120
12 -2908848 4325137
13 -2911735 4325097
14 -2912999 4325080
15 -2912707 4325084
16 -2913698 4325070
17 -2914379 4325061
18 -2912741 4325083
19 -2909519 4325128
20 -2907473 4325156
21 -2900400 4325253
22 -2905213 4325187
23 -2905829 4325179
24 -2902930 4325219
25 -2902102 4325230
26 -2896350 4325310
27 -2896191 4325312
28 -2895585 4325320
29 -2898070 4325286
30 -2897589 4325292
31 -2900023 4325259
32 -2900860 4325247
33 -2903682 4325208
34 -2877718 4325567
35 -2877900 4325564
36 -2878452 4325557
37 -2875849 4325593
38 -2880402 4325530
39 -2880556 4325528
40 -2882321 4325504
41 -2884568 4325473
42 -2881823 4325511
43 -2878673 4325554
44 -2882469 4325502
45 -2882847 4325497
46 -2882954 4325495
47 -2885642 4325458
48 -2885535 4325459
49 -2884413 4325474
50 -2893078 4325355
51 -2894243 4325339
52 -2894469 4325336
53 -2894527 4325336
54 -2893268 4325353
55 -2900014 4325259
56 -2898023 4325287
57 -2896420 4325309
58 -2895231 4325326
59 -2894890 4325331
60 -2887038 4325439
61 -2887571 4325432
62 -2887276 4325436
63 -2888888 4325414
64 -2904370 4325199
65 -2904634 4325196
66 -2904829 4325193
67 -2910706 4325112
68 -2907451 4325156
69 -2908615 4325140
70 -2904402 4325198
71 -2906086 4325175
72 -2905604 4325181
73 -2908710 4325138
74 -2906595 4325168
75 -2906925 4325163
76 -2912365 4325088
77 -2912447 4325087
78 -2911692 4325097
79 -2913168 4325077
80 -2913467 4325073
81 -2912751 4325083
82 -2916557 4325030
83 -2916644 4325029
84 -2916928 4325025
85 -2914092 4325064
86 -2916684 4325029
87 -2916587 4325030
88 -2900321 4325255
89 -2898895 4325275
90 -2898327 4325282
91 -2898045 4325286
92 -2900074 4325258
93 -2899222 4325271
94 -2897523 4325294
95 -2897997 4325288
96 -2895140 4325327
97 -2911610 4325099
98 -2912004 4325094
99 -2910965 4325109
100 -2912256 4325091
101 -2917867 4325012
102 -2917422 4325019
103 -2918429 4325005
104 -2919050 4324996
105 -2919680 4324988
106 -2920811 4324972
107 -2919804 4324986
108 -2918445 4325005
109 -2918624 4325003
110 -2919697 4324988
111 -2921380 4324965
112 -2921543 4324962
113 -2921296 4324965
114 -2920186 4324981
115 -2920747 4324973
116 -2921837 4324958
117 -2918624 4325002
118 -2918603 4325002
119 -2917634 4325015
120 -2920100 4324981
121 -2921806 4324958
122 -2921147 4324967
123 -2924092 4324927
124 -2924286 4324924
125 -2924661 4324920
126 -2924363 4324924
127 -2924537 4324921
128 -2925115 4324913
129 -2924661 4324919
130 -2924203 4324925
131 -2919479 4324990
132 -2920870 4324970
133 -2920923 4324970
134 -2920089 4324981
135 -2923101 4324939
136 -2922965 4324941
137 -2917715 4325014
138 -2919304 4324992
139 -2918514 4325003
140 -2915919 4325038
141 -2915693 4325041
142 -2885545 4325459
143 -2903489 4325210
144 -2923056 4324940
145 -2923575 4324933
146 -2929240 4324856
147 -2929137 4324857
148 -2931576 4324823
149 -2929223 4324855
150 -2932181 4324814
151 -2931763 4324820
152 -2932743 4324807
153 -2932531 4324810
154 -2934940 4324776
155 -2933215 4324801
156 -2934809 4324778
157 -2937228 4324744
158 -2939687 4324710
159 -2937289 4324744
160 -2939947 4324707
161 -2940203 4324704
162 -2941093 4324692
163 -2931015 4324830
164 -2929442 4324851
165 -2927058 4324885
166 -2927234 4324882
167 -2927136 4324884
168 -2931224 4324827
169 -2933871 4324792
170 -2933385 4324799
171 -2934011 4324790
172 -2935690 4324767
173 -2933448 4324798
174 -2932861 4324806
175 -2928637 4324864
176 -2928708 4324863
177 -2929450 4324853
178 -2928497 4324866
179 -2931014 4324831
180 -2931186 4324829
181 -2914538 4325059
182 -2915873 4325041
183 -2916166 4325037
184 -2918386 4325006
185 -2919560 4324990
186 -2920074 4324983
187 -2915191 4325051
188 -2904056 4325204
189 -2902793 4325221
190 -2902703 4325223
191 -2905003 4325191
192 -2900940 4325247
193 -2900683 4325250
194 -2904217 4325202
195 -2907078 4325162
196 -2901924 4325233
197 -2901219 4325243
198 -2907733 4325153
199 -2901290 4325242
200 -2891938 4325372
201 -2879606 4325542
202 -2908011 4325149
203 -2932654 4324808
204 -2934415 4324784
205 -2940900 4324694
206 -2941637 4324684
207 -2941374 4324688
208 -2942564 4324672
209 -2941962 4324680
210 -2941621 4324685
211 -2951392 4324550
212 -2954390 4324508
213 -2954537 4324506
214 -2954992 4324500
215 -2954675 4324504
216 -2958192 4324456
217 -2952007 4324542
218 -2943271 4324662
219 -2957355 4324467

0 193 
0 199 
0 66 
1 197 
1 2 
1 24 
1 4 
2 5 
2 25 
2 88 
3 4 
3 5 
3 6 
3 10 
3 22 
3 23 
3 24 
3 25 
4 64 
4 8 
4 24 
4 22 
5 21 
6 21 
6 33 
6 20 
6 68 
7 23 
7 10 
7 11 
7 8 
8 198 
8 23 
8 12 
8 11 
9 198 
9 66 
9 202 
9 97 
10 20 
10 21 
10 33 
11 14 
11 15 
12 13 
12 67 
13 15 
13 67 
14 16 
14 18 
14 85 
15 16 
16 17 
16 86 
17 97 
17 181 
17 182 
17 183 
18 19 
18 81 
19 20 
19 69 
20 68 
21 31 
21 32 
22 23 
24 25 
26 27 
26 53 
26 56 
26 93 
27 28 
27 56 
27 57 
27 51 
28 29 
28 50 
28 57 
29 30 
29 89 
30 90 
31 32 
31 90 
33 70 
34 35 
34 142 
35 36 
35 37 
36 38 
36 43 
38 39 
38 46 
39 40 
39 42 
40 41 
41 42 
41 44 
41 45 
41 47 
42 44 
43 44 
43 201 
44 45 
46 48 
46 49 
47 48 
47 51 
47 60 
49 50 
51 52 
52 53 
53 54 
53 59 
55 93 
55 199 
56 93 
58 96 
58 194 
58 200 
59 60 
59 96 
60 62 
61 62 
61 200 
61 201 
62 63 
65 66 
66 191 
69 73 
71 74 
71 75 
72 74 
73 74 
74 75 
76 140 
76 143 
77 78 
77 79 
77 81 
79 80 
81 82 
82 83 
83 84 
83 119 
84 101 
84 102 
86 87 
86 102 
90 91 
91 92 
93 94 
93 193 
94 95 
94 96 
97 98 
98 99 
98 100 
101 103 
101 117 
101 118 
101 119 
102 103 
103 104 
104 105 
104 106 
104 115 
105 106 
105 107 
105 108 
105 114 
106 113 
106 115 
106 122 
108 109 
109 110 
109 182 
110 112 
110 185 
111 112 
112 113 
112 123 
113 114 
115 116 
115 117 
115 120 
116 121 
116 130 
117 118 
118 120 
119 120 
120 131 
120 133 
123 124 
123 128 
124 125 
125 126 
126 127 
127 186 
127 171 
128 129 
128 175 
129 130 
129 146 
130 135 
131 132 
131 134 
131 138 
131 139 
132 133 
132 135 
135 144 
136 137 
136 144 
136 165 
137 139 
137 140 
138 139 
140 141 
142 143 
144 145 
146 147 
146 152 
148 153 
149 150 
149 151 
150 151 
150 153 
150 154 
151 154 
151 156 
151 168 
152 155 
152 203 
153 203 
154 157 
154 161 
155 162 
155 173 
155 180 
156 157 
156 159 
157 158 
157 159 
158 159 
158 160 
159 160 
160 161 
161 205 
162 205 
162 207 
163 164 
163 165 
163 168 
165 166 
166 167 
168 166 
169 170 
169 171 
169 173 
171 172 
172 209 
173 174 
175 176 
175 178 
175 180 
177 178 
177 179 
179 180 
181 183 
181 187 
182 183 
184 185 
185 186 
186 187 
187 194 
188 194 
189 190 
190 191 
190 192 
192 193 
195 198 
196 197 
197 199 
202 9 
203 204 
205 206 
207 208 
207 210 
209 210 
209 218 
210 211 
211 212 
211 215 
211 217 
212 213 
212 215 
212 219 
214 215 
214 216 
214 217 
215 216 
216 219 
217 218
